% sq10_001_Jun25_16.21.53mi 2014-11-12 19:28:20
version = 14
baseFilename = sq10_001_Jun25_16.21.53
originalBasePath = /Users/fred/EMWork/Hideki/140625/KvBetaExampleImages/
basePath = /Users/fred/EMWork/Hideki/140625/KvBetaExampleImages/
moviePath = movie_frames/sq10/
imagePath = Micrograph/
procPath = Merged/
infoPath = Info/
stackPath = Stack/
tempPath = Temp/
movieFilename = Jun25_16.21.53.tif
gainRefName = movie_frames/sq10/CountRef_Jun25_16.21.16.dm4
imageFilenames [1x1] cell char:
    sq10_001_Jun25_16.21.53ala.mrc
imageSize = [ 3840          3840 ]
pixA = 1.247
kV = 200
cpe = 0.8
camera = 5
tiltAngles = []
tiltAxis = 0
frameDose = 1.500561
frameSets = [ 1            18 ]
doses = 33.7553
weights = 1
ctf [1x1;8] struct:
    lambda = 0.02507866
    defocus = 1.958481
    deltadef = 0.02722979
    theta = -0.5511458
    alpha = 1.3
    Cs = 2
    B = 12.49892
    ampFactor = 1
mergeMatrix [3x3]:
               1            0            0            0            1            0            0            0            1 
mergeSNR = 1
particle [1x1;3] struct:
    picks [56x8]':
           1:      3616.82      819.269            1           62     0.132867         1914            0            0 
           2:      3641.58      1225.49            1           22     0.120123          557            0            0 
           3:      1652.43      2342.79           16           56     0.118584          738            0            0 
           4:      1221.55         3008           16           28    0.0545166         1090            0            0 
           5:       1763.7      2403.41           32           56     0.192567          602            1            0 
           6:      3187.82      1612.87           32           31     0.186468         1178            0            0 
           7:      2565.79         3340           32           39     0.171994          799            1            0 
           8:          840      1448.74           32           24     0.168143          609            1            0 
           9:      788.191      2949.63           32           72     0.166719          981            1            0 
          10:      3093.84      2032.44           32           38     0.163134          649            1            0 
          11:      2141.14      2993.17           32           19     0.159982          851            1            0 
          12:      1673.36      3388.25           32           37      0.15458         1912            1            0 
          13:      1024.26      630.228           32           26     0.154176          136            0            0 
          14:       2567.5      2206.77           32           64     0.153226         1496            1            0 
          15:      1103.98       345.41           32           11     0.152748          264            1            0 
          16:      1483.85       1932.1           32           21     0.151141          615            0            0 
          17:      1855.27       3050.4           32           60     0.149923          618            1            0 
          18:      1146.65      2901.09           32           28     0.148505          599            1            0 
          19:      781.935      834.064           32           29     0.147901          551            0            0 
          20:       1106.7         2008           32           34     0.145804          815            1            0 
          21:       3327.1      1788.94           32           31     0.145152          473            0            0 
          22:      3544.93      1753.19           32           61     0.144352          672            1            0 
          23:      3612.86      1809.71           32           61     0.142683          730            1            0 
          24:      1275.89      1532.58           32           15     0.141433          699            1            0 
          25:      2002.47       256.27           32           27     0.138485          917            1            0 
          26:      2229.86      3604.69           32           66     0.137565          364            0            0 
          27:      2227.52      2511.66           32           57     0.135172          998            1            0 
          28:      2607.21      2718.64           32           63     0.134168          376            0            0 
          29:      3430.99      1842.63           32           61     0.133868         1758            0            0 
          30:       2247.8      1511.78           32           30     0.133336         1903            1            0 
          31:      3497.78      2233.44           32           16      0.13067          636            1            0 
          32:         1804       3134.1           32           60     0.130121          698            1            0 
          33:      2996.12       2292.2           32           65     0.129358          802            1            0 
          34:      1768.99      1620.91           32           42     0.129288          164            1            0 
          35:       3048.1         3064           32           17     0.128771          795            1            0 
          36:      1471.66      1263.86           32           35      0.12841           35            0            0 
          37:      1743.76      2007.78           32           48     0.126382          839            1            0 
          38:         2472      3332.35           32           39     0.124887         1577            1            0 
          39:       2453.4      2290.67           32           64     0.124267          917            1            0 
          40:      577.603      1309.75           32            4     0.123042          290            0            0 
          41:      3252.84      3513.33           32           20     0.122576          458            1            0 
          42:      1972.77      3093.24           32           60     0.121934          888            0            0 
          43:      1452.83      723.936           32            5     0.121731          579            0            0 
          44:      2928.12         3636           32           45     0.121676          409            1            0 
          45:      369.075      551.531           32           55      0.12136         1134            1            0 
          46:      2708.68      2505.97           32           25     0.121332         1244            1            0 
          47:      2185.06      1830.83            3           47            0            0            0            0 
          48:      699.293      2031.36            3           23            0            0            0            0 
          49:      3414.39      365.332            3           41            0            0            0            0 
          50:      3567.28      998.952            3           62            0            0            0            0 
          51:      3688.25      2514.48            3           44            0            0            0            0 
          52:      3331.12      2916.56            3           40            0            0            0            0 
          53:            0            0            0            0            0            0            0            0 
          54:            0            0            0            0            0            0            0            0 
          55:            0            0            0            0            0            0            0            0 
          56:            0            0            0            0            0            0            0            0 
    autopickPars [1x20]:
                0.12          0.2           80            0          100          120          120          200 
                   0            0            0            0            0            0            0            0 
                   0            0            0          150 
    ok = [ 0             0             0             1 ]
ppVals [1x1;4] struct:
    membraneOffsetA = 52
    nAlpha = 32
    nBeta = 12
    nGamma = 4
boxSize = 128
vesicleModel [57x1]:
     -0.00461408    -0.528058      -1.0551     -1.48198     -1.70543     -1.66126     -1.40257     -1.02152 
        -0.61044    -0.237692     0.100557     0.432132     0.784937      1.16829      1.53562      1.82176 
         1.96163      1.91401      1.70947      1.40244      1.04752     0.687487     0.329626   -0.0306083 
       -0.397781    -0.766552     -1.10178     -1.35843     -1.49155     -1.47291     -1.32459     -1.08539 
       -0.794253    -0.482631    -0.159513     0.173587     0.515152     0.856252      1.16565      1.40471 
         1.53495      1.53873      1.46097      1.36743      1.32358      1.35592      1.37362      1.24682 
        0.846206     0.117905    -0.764942     -1.55373           -2     -1.94059     -1.46897     -0.76393 
     -0.00543637 
vesicle [1x1;10] struct:
             >>       x [85x1]      y [85x1]      r [85x5]                                                          s [85x5]                                                          ok [85x4] af [85x1]     
            1:      3715.03       3438.8      88.0195            0            0            0            0   0.00176139            0            0            0            0  1  0  1  1            0 
             +i        --           --              0            0            0            0            0            0            0            0            0            0 --   --   --   --           --   
            2:      256.686      855.992      104.145            0            0            0            0   0.00372734            0            0            0            0  1  1  1  1            1 
             +i        --           --              0            0            0            0            0            0            0            0            0            0 --   --   --   --           --   
            3:      3723.89      3273.39      77.1622            0            0            0            0   0.00298761            0            0            0            0  1  0  1  1            0 
             +i        --           --              0            0            0            0            0            0            0            0            0            0 --   --   --   --           --   
            4:      589.988      1210.42      162.161            0    -0.182667   -0.0295945     -0.23969   0.00350352  -0.00014056  8.61094e-06  0.000145984  3.92584e-05  1  1  1  1     0.988707 
             +i        --           --              0            0    0.0460159    -0.151605    -0.384866            0  4.57899e-05 -4.49372e-05  1.26623e-05  0.000238982 --   --   --   --           --   
            5:      1585.19      690.359      145.835            0     0.349178     0.152666            0   0.00345056 -4.20679e-05 -0.000223124  6.50659e-05            0  1  1  1  1            1 
             +i        --           --              0            0   -0.0103295     -0.10493            0            0 -0.000135171  0.000112322  6.99879e-05            0 --   --   --   --           --   
            6:      2041.17      1250.76      112.941            0            0            0            0   0.00354134            0            0            0            0  1  1  1  1            1 
             +i        --           --              0            0            0            0            0            0            0            0            0            0 --   --   --   --           --   
            7:      2031.77      541.243       120.06            0            0            0            0   0.00334082            0            0            0            0  1  1  1  1            1 
             +i        --           --              0            0            0            0            0            0            0            0            0            0 --   --   --   --           --   
            8:      2719.75      940.904      113.693            0            0            0            0   0.00361671            0            0            0            0  1  1  1  1            1 
             +i        --           --              0            0            0            0            0            0            0            0            0            0 --   --   --   --           --   
            9:      3727.56      3698.68      73.6434            0            0            0            0   0.00245693            0            0            0            0  1  0  1  1    0.0949964 
             +i        --           --              0            0            0            0            0            0            0            0            0            0 --   --   --   --           --   
           10:      2865.94      1509.67      112.877            0            0            0            0    0.0034552            0            0            0            0  1  1  1  1            1 
             +i        --           --              0            0            0            0            0            0            0            0            0            0 --   --   --   --           --   
           11:       1058.5      345.296      136.812            0     0.938979    -0.477552            0   0.00303591  0.000219474 -0.000126041  6.48794e-05            0  1  1  1  1            1 
             +i        --           --              0            0     0.304849    -0.279336            0            0 -9.09457e-05   6.3889e-05 -0.000126925            0 --   --   --   --           --   
           12:      3611.35      3690.97      69.3242            0            0            0            0   0.00411348            0            0            0            0  1  0  1  1     0.485982 
             +i        --           --              0            0            0            0            0            0            0            0            0            0 --   --   --   --           --   
           13:      3100.96      975.732      122.374            0     0.358419    -0.393862            0   0.00349906  7.29734e-05  7.87172e-05  -9.7984e-06            0  1  1  1  1            1 
             +i        --           --              0            0     -0.05627     0.183565            0            0  0.000108645 -0.000204497 -4.26762e-05            0 --   --   --   --           --   
           14:      3095.08      356.413        116.8            0            0            0            0   0.00328439            0            0            0            0  1  1  1  1            1 
             +i        --           --              0            0            0            0            0            0            0            0            0            0 --   --   --   --           --   
           15:       1308.6      1500.82      104.875            0            0            0            0   0.00320248            0            0            0            0  1  1  1  1            1 
             +i        --           --              0            0            0            0            0            0            0            0            0            0 --   --   --   --           --   
           16:       3516.6      2286.31      119.955            0            0            0            0   0.00311408            0            0            0            0  1  1  1  1            1 
             +i        --           --              0            0            0            0            0            0            0            0            0            0 --   --   --   --           --   
           17:      2989.98         3115      139.415            0    -0.276319  -0.00947659            0   0.00339149   1.5292e-05  3.71385e-06  0.000137228            0  1  1  1  1            1 
             +i        --           --              0            0    -0.413367     0.139453            0            0  7.43004e-05 -0.000132349  0.000150363            0 --   --   --   --           --   
           18:      3726.56      3508.34       77.834            0            0            0            0   0.00249482            0            0            0            0  1  0  1  1            0 
             +i        --           --              0            0            0            0            0            0            0            0            0            0 --   --   --   --           --   
           19:      2175.87      3030.94      102.512            0            0            0            0    0.0032346            0            0            0            0  1  1  1  1            1 
             +i        --           --              0            0            0            0            0            0            0            0            0            0 --   --   --   --           --   
           20:      3285.58      3550.21      123.183            0    -0.335045    -0.419508            0   0.00307394  4.36608e-05  9.65357e-05 -0.000122334            0  1  1  1  1            1 
             +i        --           --              0            0    -0.259605    -0.229948            0            0  7.97404e-05  5.54242e-05  0.000206794            0 --   --   --   --           --   
           21:      1520.04      1814.59      122.383            0  -0.00280813    -0.251494            0    0.0031858  5.17144e-05 -1.39419e-05  0.000164922            0  1  1  1  1            1 
             +i        --           --              0            0    -0.147659       0.2485            0            0 -0.000121306 -6.00096e-05  5.18835e-05            0 --   --   --   --           --   
           22:      3727.58      1280.71      107.058            0            0            0            0   0.00251896            0            0            0            0  1  1  1  1     0.535959 
             +i        --           --              0            0            0            0            0            0            0            0            0            0 --   --   --   --           --   
           23:      699.293      2031.36       175.32            0    0.0327856    -0.564366    0.0953151   0.00276851 -0.000175306  5.46565e-05 -4.43819e-06  6.76469e-05  1  1  1  1            1 
             +i        --           --              0            0     -0.22488    0.0764252     -0.37985            0 -9.89317e-05  2.08557e-05  0.000124385 -1.58301e-05 --   --   --   --           --   
           24:      815.166      1491.06      105.308            0            0            0            0   0.00303852            0            0            0            0  1  1  1  1            1 
             +i        --           --              0            0            0            0            0            0            0            0            0            0 --   --   --   --           --   
           25:      2660.77       2524.7      97.1043            0            0            0            0   0.00310038            0            0            0            0  1  1  1  1            1 
             +i        --           --              0            0            0            0            0            0            0            0            0            0 --   --   --   --           --   
           26:      1054.31      685.306      128.727            0    -0.374898   -0.0279722            0   0.00288579  0.000185969 -6.94239e-06 -0.000103758            0  1  1  1  1            1 
             +i        --           --              0            0    -0.620451     0.297136            0            0 -0.000218804  5.52231e-05  0.000213289            0 --   --   --   --           --   
           27:      2035.43       199.13      122.553            0    -0.951729     0.243146            0   0.00303332 -2.44935e-05  0.000419152 -5.02623e-05            0  1  1  1  1     0.979911 
             +i        --           --              0            0    -0.226036     0.146843            0            0 -0.000175012  0.000154343 -3.98818e-05            0 --   --   --   --           --   
           28:      1109.61      2937.05      112.366            0            0            0            0   0.00303623            0            0            0            0  1  1  1  1            1 
             +i        --           --              0            0            0            0            0            0            0            0            0            0 --   --   --   --           --   
           29:      856.394      920.396      118.202            0            0            0            0   0.00306799            0            0            0            0  1  1  1  1            1 
             +i        --           --              0            0            0            0            0            0            0            0            0            0 --   --   --   --           --   
           30:      2309.06      1439.24      118.102            0            0            0            0    0.0028486            0            0            0            0  1  1  1  1            1 
             +i        --           --              0            0            0            0            0            0            0            0            0            0 --   --   --   --           --   
           31:      3220.87      1760.14      122.036            0    -0.614466     -0.24095            0    0.0027598  8.60645e-05  6.77837e-05  6.52222e-07            0  1  1  1  1            1 
             +i        --           --              0            0     0.108094    0.0883054            0            0 -2.29471e-05  4.48519e-05  6.24947e-06            0 --   --   --   --           --   
           32:      601.587       1690.4      124.501            0   -0.0307165     0.171733            0   0.00291374  9.34276e-05  0.000220154  5.11911e-05            0  1  1  1  1            1 
             +i        --           --              0            0     -0.31386    -0.188563            0            0  2.82565e-05 -2.05451e-05 -2.86475e-05            0 --   --   --   --           --   
           33:      1453.89      361.703      104.526            0            0            0            0   0.00304034            0            0            0            0  1  1  1  1            1 
             +i        --           --              0            0            0            0            0            0            0            0            0            0 --   --   --   --           --   
           34:      1079.73      2065.83      112.866            0            0            0            0   0.00287832            0            0            0            0  1  1  1  1            1 
             +i        --           --              0            0            0            0            0            0            0            0            0            0 --   --   --   --           --   
           35:      1460.15      1255.84      114.663            0            0            0            0   0.00299005            0            0            0            0  1  1  1  1            1 
             +i        --           --              0            0            0            0            0            0            0            0            0            0 --   --   --   --           --   
           36:      1354.28      3400.34      98.3748            0            0            0            0   0.00308196            0            0            0            0  1  1  1  1            1 
             +i        --           --              0            0            0            0            0            0            0            0            0            0 --   --   --   --           --   
           37:      1705.83      3341.48      99.0974            0            0            0            0   0.00297543            0            0            0            0  1  1  1  1            1 
             +i        --           --              0            0            0            0            0            0            0            0            0            0 --   --   --   --           --   
           38:      3139.71      2069.78      115.862            0            0            0            0   0.00312517            0            0            0            0  1  1  1  1            1 
             +i        --           --              0            0            0            0            0            0            0            0            0            0 --   --   --   --           --   
           39:      2525.73         3381      110.927            0            0            0            0   0.00305265            0            0            0            0  1  1  1  1            1 
             +i        --           --              0            0            0            0            0            0            0            0            0            0 --   --   --   --           --   
           40:      3331.12      2916.56      121.476            0    -0.135308      0.50817            0    0.0028973  4.03931e-05  5.09316e-06 -6.99681e-05            0  1  1  1  1     0.978183 
             +i        --           --              0            0    -0.261276     0.285479            0            0 -6.86965e-05  6.55882e-05  0.000101363            0 --   --   --   --           --   
           41:      3414.39      365.332      109.484            0            0            0            0   0.00290159            0            0            0            0  1  1  1  1     0.635155 
             +i        --           --              0            0            0            0            0            0            0            0            0            0 --   --   --   --           --   
           42:      1761.29      1645.88      114.547            0            0            0            0   0.00290597            0            0            0            0  1  1  1  1            1 
             +i        --           --              0            0            0            0            0            0            0            0            0            0 --   --   --   --           --   
           43:      1781.91      273.462      102.643            0            0            0            0   0.00305685            0            0            0            0  1  1  1  1            1 
             +i        --           --              0            0            0            0            0            0            0            0            0            0 --   --   --   --           --   
           44:      3688.25      2514.48      118.186            0            0            0            0   0.00263579            0            0            0            0  1  1  1  1     0.856478 
             +i        --           --              0            0            0            0            0            0            0            0            0            0 --   --   --   --           --   
           45:      2860.17      3646.13      158.039            0    -0.583715    -0.109564     0.226056   0.00271121 -3.39096e-05  0.000313551  0.000100786  0.000102155  1  1  1  1     0.983737 
             +i        --           --              0            0    -0.197979     0.124231     0.368401            0  0.000301121 -4.69147e-05 -0.000267009 -5.13271e-05 --   --   --   --           --   
           46:      2746.51      605.909      109.461            0            0            0            0   0.00303925            0            0            0            0  1  1  1  1            1 
             +i        --           --              0            0            0            0            0            0            0            0            0            0 --   --   --   --           --   
           47:      2185.06      1830.83      193.194            0     0.340019     0.176571     0.202058    0.0024762  2.03879e-05 -2.49671e-05 -8.29254e-05  0.000100016  1  1  1  1            1 
             +i        --           --              0            0    -0.348579    -0.248715      0.47316            0  5.38753e-06  9.28925e-06 -0.000102105  7.60961e-05 --   --   --   --           --   
           48:      1756.52      2080.42      133.552            0    -0.439166   -0.0727888            0   0.00291644  9.61739e-05  0.000148286  1.97725e-05            0  1  1  1  1            1 
             +i        --           --              0            0    -0.239194  -0.00423706            0            0 -2.08654e-05 -0.000101367  -4.4845e-05            0 --   --   --   --           --   
           49:      1495.68      2781.09      97.9854            0            0            0            0    0.0028425            0            0            0            0  1  1  1  1            1 
             +i        --           --              0            0            0            0            0            0            0            0            0            0 --   --   --   --           --   
           50:      2279.25      1129.38      110.059            0            0            0            0    0.0028816            0            0            0            0  1  1  1  1            1 
             +i        --           --              0            0            0            0            0            0            0            0            0            0 --   --   --   --           --   
           51:      616.498      3375.42      111.255            0            0            0            0   0.00269276            0            0            0            0  1  1  1  1            1 
             +i        --           --              0            0            0            0            0            0            0            0            0            0 --   --   --   --           --   
           52:      1464.44      2221.21        83.13            0            0            0            0   0.00296565            0            0            0            0  1  1  1  1            1 
             +i        --           --              0            0            0            0            0            0            0            0            0            0 --   --   --   --           --   
           53:      641.316      176.173      111.644            0            0            0            0   0.00285794            0            0            0            0  1  1  1  1            1 
             +i        --           --              0            0            0            0            0            0            0            0            0            0 --   --   --   --           --   
           54:      2126.05      2135.21      103.602            0            0            0            0   0.00275258            0            0            0            0  1  1  1  1            1 
             +i        --           --              0            0            0            0            0            0            0            0            0            0 --   --   --   --           --   
           55:      416.465      516.921      107.694            0            0            0            0   0.00288523            0            0            0            0  1  1  1  1            1 
             +i        --           --              0            0            0            0            0            0            0            0            0            0 --   --   --   --           --   
           56:      1728.93      2444.83      115.624            0            0            0            0   0.00267396            0            0            0            0  1  1  1  1            1 
             +i        --           --              0            0            0            0            0            0            0            0            0            0 --   --   --   --           --   
           57:      2169.12      2512.43      107.545            0            0            0            0   0.00262472            0            0            0            0  1  1  1  1            1 
             +i        --           --              0            0            0            0            0            0            0            0            0            0 --   --   --   --           --   
           58:      3552.66      3232.45      106.354            0            0            0            0   0.00257757            0            0            0            0  1  0  1  1    0.0293061 
             +i        --           --              0            0            0            0            0            0            0            0            0            0 --   --   --   --           --   
           59:       2935.3      1834.39      100.954            0            0            0            0   0.00287733            0            0            0            0  1  1  1  1            1 
             +i        --           --              0            0            0            0            0            0            0            0            0            0 --   --   --   --           --   
           60:      1843.95      3098.61      110.063            0            0            0            0   0.00269743            0            0            0            0  1  1  1  1            1 
             +i        --           --              0            0            0            0            0            0            0            0            0            0 --   --   --   --           --   
           61:       3591.3      1761.37      106.955            0            0            0            0   0.00286558            0            0            0            0  1  1  1  1            1 
             +i        --           --              0            0            0            0            0            0            0            0            0            0 --   --   --   --           --   
           62:      3567.28      998.952      135.377            0     0.497043     0.468741            0   0.00260296 -6.07969e-05 -9.92558e-05 -8.65919e-05            0  1  1  1  1     0.865526 
             +i        --           --              0            0    -0.281046    -0.176675            0            0  2.42097e-05 -4.88984e-06  5.57871e-05            0 --   --   --   --           --   
           63:      2649.05      2804.85      118.232            0            0            0            0   0.00247552            0            0            0            0  1  1  1  1            1 
             +i        --           --              0            0            0            0            0            0            0            0            0            0 --   --   --   --           --   
           64:      2493.96      2236.25       124.69            0    -0.145263   -0.0980666            0   0.00262619   9.8611e-05  9.45905e-06  5.90086e-05            0  1  1  1  1            1 
             +i        --           --              0            0     0.195096    -0.294227            0            0  -6.2838e-05 -0.000121438  2.30245e-05            0 --   --   --   --           --   
           65:      2965.77      2325.52      100.035            0            0            0            0   0.00264415            0            0            0            0  1  1  1  1            1 
             +i        --           --              0            0            0            0            0            0            0            0            0            0 --   --   --   --           --   
           66:      2230.72      3713.88      121.613            0    -0.266681     0.219841            0   0.00207238  5.14835e-05  0.000261674  6.47523e-06            0  1  1  1  1     0.891618 
             +i        --           --              0            0     0.549335   -0.0290524            0            0   0.00065793  6.73592e-05  2.27648e-05            0 --   --   --   --           --   
           67:       608.92      2645.97      90.8435            0            0            0            0   0.00254558            0            0            0            0  1  1  1  1            1 
             +i        --           --              0            0            0            0            0            0            0            0            0            0 --   --   --   --           --   
           68:      3805.93      2294.96        72.94            0            0            0            0   0.00231629            0            0            0            0  1  0  1  1    0.0871197 
             +i        --           --              0            0            0            0            0            0            0            0            0            0 --   --   --   --           --   
           69:      3683.94      198.366      125.345            0            0            0            0   0.00174906            0            0            0            0  1  0  1  1  7.92666e-06 
             +i        --           --              0            0            0            0            0            0            0            0            0            0 --   --   --   --           --   
           70:      3824.41       2114.8       72.853            0            0            0            0    0.0027118            0            0            0            0  1  0  1  1     0.149843 
             +i        --           --              0            0            0            0            0            0            0            0            0            0 --   --   --   --           --   
           71:       3834.2      1762.01      74.2013            0            0            0            0   0.00263714            0            0            0            0  1  0  1  1    0.0280045 
             +i        --           --              0            0            0            0            0            0            0            0            0            0 --   --   --   --           --   
           72:      731.244      2931.78      106.444            0            0            0            0   0.00237024            0            0            0            0  1  1  1  1            1 
             +i        --           --              0            0            0            0            0            0            0            0            0            0 --   --   --   --           --   
           73:      2871.61      1965.77      78.0766            0            0            0            0   0.00149509            0            0            0            0  1  0  1  1            1 
             +i        --           --              0            0            0            0            0            0            0            0            0            0 --   --   --   --           --   
           74:         3746         2786      80.1925            0            0            0            0            0            0            0            0            0  1  0  0  1     0.394393 
             +i        --           --              0            0            0            0            0            0            0            0            0            0 --   --   --   --           --   
           75:      3718.48      420.685      73.1831            0            0            0            0            0            0            0            0            0  1  0  0  1            0 
             +i        --           --              0            0            0            0            0            0            0            0            0            0 --   --   --   --           --   
           76:         3756          676      80.1925            0            0            0            0            0            0            0            0            0  1  0  0  1            0 
             +i        --           --              0            0            0            0            0            0            0            0            0            0 --   --   --   --           --   
           77:      2156.15      52.8703      80.1055            0            0            0            0   0.00221013            0            0            0            0  1  0  1  1     0.481823 
             +i        --           --              0            0            0            0            0            0            0            0            0            0 --   --   --   --           --   
           78:      3375.69      3761.03      79.0015            0            0            0            0   0.00150145            0            0            0            0  1  0  1  1     0.649323 
             +i        --           --              0            0            0            0            0            0            0            0            0            0 --   --   --   --           --   
           79:      127.063      3280.22      85.1068            0            0            0            0   0.00214023            0            0            0            0  1  0  1  1     0.681248 
             +i        --           --              0            0            0            0            0            0            0            0            0            0 --   --   --   --           --   
           80:         3566         3086      103.054            0            0            0            0            0            0            0            0            0  1  0  0  1            0 
             +i        --           --              0            0            0            0            0            0            0            0            0            0 --   --   --   --           --   
           81:           71         2356      120.833            0            0            0            0            0            0            0            0            0  1  0  0  1     0.678497 
             +i        --           --              0            0            0            0            0            0            0            0            0            0 --   --   --   --           --   
           82:      3821.83      1993.88      84.2206            0            0            0            0            0            0            0            0            0  1  0  0  1     0.125248 
             +i        --           --              0            0            0            0            0            0            0            0            0            0 --   --   --   --           --   
           83:         3751         1066      80.1925            0            0            0            0            0            0            0            0            0  1  0  0  1     0.150786 
             +i        --           --              0            0            0            0            0            0            0            0            0            0 --   --   --   --           --   
           84:      75.4521      2036.99       110.75            0            0            0            0   0.00198298            0            0            0            0  1  0  1  1     0.727907 
             +i        --           --              0            0            0            0            0            0            0            0            0            0 --   --   --   --           --   
           85:      2530.93      87.2626      129.865            0            0            0            0            0            0            0            0            0  1  0  0  1     0.722447 
             +i        --           --              0            0            0            0            0            0            0            0            0            0 --   --   --   --           --   
    shiftX = []
    shiftY = []
    refined = 1
    shiftOk = []
noiseModelPars = [ 0.02199087             0             0             1           100    0.09997129             2             1 ]
noiseModelCode [17x1] cell char:
    ag=p(1);
    af1=p(1);
    af2=p(2);
    ag=p(3);
    sigma=p(4);
    bf=p(5);
    s0=p(6);
    f1exp=p(7);
    f2exp=p(8);
    gauss=exp(-f.^2/(2*sigma^2));
    f1=(.01./f).^f1exp;
    f1(1)=f1(2);
    f2=(.01./f).^f2exp;
    f2(1)=f2(2);
    b2=1./((f/bf).^2+1);
    spec=max(0,(ag*gauss+af1).*f1+af2*f2);
    shot=max(0,s0*b2);
damageModelCode = 0.32./(abs(f.^2*10)+.002)+5;
frameShifts [1x1] cell single:
frameShifts{1} [18x2]:
          3.5385      2.33397      1.57697     0.916874     0.487011     0.103059    -0.122487    -0.381885 
       -0.527261    -0.752659    -0.868319    -0.715563    -0.689157     -0.55154    -0.512254    -0.377356 
       -0.438493     -0.86447     -2.98515     -2.10731     -1.67438     -1.16698     -1.02633    -0.629894 
       -0.122637    0.0269179     0.268674      0.23762     0.546045      0.77059     0.822121     0.928812 
         1.17897      1.04636       1.2684      1.35345 
mask [3x1;3] struct:
mask(1)
    merge = AND
    encoding = RLE
    data [1x1;3] struct:
        sz = [ 960           960 ]
        version = 1
        data [1x2857] hex:
    841EB80708B80708B80708B80708B80708B80708B80708B80708B80708B80708B80708B80708B80708B80708B80708B80708B80708B80708B80708B8
    0708B80708B80708B80708B80708B80708B80708B80708B80708B80708B80708B80708B80708B80708B80708B80708B80708B80708B80708B80708B8
    0708B80708B80708B80708B80708B80708B80708B80708B80708B80708B80708B80708B80708B80708B80708B80708B80708B80708B80708B80708B8
    0708B80708B80708B80708B80708B80708B80708B80708B80708B80708B80708B80708B80708B80708B80708B80708B80708B80708B80708B80708B8
    0708B80708B80708B80708B80708B80708B80708B80708B80708B80708B80708B80708B80708B80708B80708B80708B80708B80708B80708B80708B8
    0708B80708B80708B80708B80708B80708B80708B80708B80708B80708B80708B80708B80708B80708B80708B80708B80708B80708B80708B80708B8
    0708B80708B80708B80708B80708B80708B80708B80708B80708B80708B80708B80708B80708B80708B80708B80708B80708B80708B80708B80708B8
    0708B80708B80708B80708B80708B80708B80708B80708B80708B80708B80708B80708B80708B80708B80708B80708B80708B80708B80708B80708B8
    0708B80708B80708B80708B80708B80708B80708B80708B80708B80708B80708B80708B80708B80708B80708B80708B80708B80708B80708B80708B8
    0708B80708B80708B80708B80708B80708B80708B80708B80708B80708B80708B80708B80708B80708B80708B80708B80708B80708B80708B80708B8
    0708B80708B80708B80708B80708B80708B80708B80708B80708B80708B80708B80708B80708B80708B80708B80708B80708B80708B80708B80708B8
    0708B80708B80708B80708B80708B80708B80708B80708B80708B80708B80708B80708B80708B80708B80708B80708B80708B80708B80708B80708B8
    0708B80708B80708B80708B80708B80708B80708B80708B80708B80708B80708B80708B80708B80708B80708B80708B80708B80708B80708B80708B8
    0708B80708B80708B80708B80708B80708B80708B80708B80708B80708B80708B80708B80708B80708B80708B80708B80708B80708B80708B80708B8
    0708B80708B80708B80708B80708B80708B80708B80708B80708B80708B80708B80708B80708B80708B80708B80708B80708B80708B80708B80708B8
    0708B80708B80708B80708B80708B80708B80708B80708B80708B80708B80708B80708B80708B80708B80708B80708B80708B80708B80708B80708B8
    0708B80708B80708B80708B80708B80708B80708B80708B80708B80708B80708B80708B80708B80708B80708B80708B80708B80708B80708B80708B8
    0708B80708B80708B80708B80708B80708B80708B80708B80708B80708B80708B80708B80708B80708B80708B80708B80708B80708B80708B80708B8
    0708B80708B80708B80708B80708B80708B80708B80708B80708B80708B80708B80708B80708B80708B80708B80708B80708B80708B80708B80708B8
    0708B80708B80708B80708B80708B80708B80708B80708B80708B80708B80708B80708B80708B80708B80708B80708B80708B80708B80708B80708B8
    0708B80708B80708B80708B80708B80708B80708B80708B80708B80708B80708B80708B80708B80708B80708B80708B80708B80708B80708B80708B8
    0708B80708B80708B80708B80708B80708B80708B80708B80708B80708B80708B80708B80708B80708B80708B80708B80708B80708B80708B80708B8
    0708B80708B80708B80708B80708B80708B80708B80708B80708B80708B80708B80708B80708B80708B80708B80708B80708B80708B80708B80708B8
    0708B80708B80708B80708B80708B80708B80708B80708B80708B80708B80708B80708B80708B80708B80708B80708B80708B80708B80708B80708B8
    0708B80708B80708B80708B80708B80708B80708B80708B80708B80708B80708B80708B80708B80708B80708B80708B80708B80708B80708B80708B8
    0708B80708B80708B80708B80708B80708B80708B80708B80708B80708B80708B80708B80708B80708B80708B80708B80708B80708B80708B80708B8
    0708B80708B80708B80708B80708B80708B80708B80708B80708B80708B80708B80708B80708B80708B80708B80708B80708B80708B80708B80708B8
    0708B80708B80708B80708B80708B80708B80708B80708B80708B80708B80708B80708B80708B80708B80708B80708B80708B80708B80708B80708B8
    0708B80708B80708B80708B80708B80708B80708B80708B80708B80708B80708B80708B80708B80708B80708B80708B80708B80708B80708B80708B8
    0708B80708B80708B80708B80708B80708B80708B80708B80708B80708B80708B80708B80708B80708B80708B80708B80708B80708B80708B80708B8
    0708B80708B80708B80708B80708B80708B80708B80708B80708B80708B80708B80708B80708B80708B80708B80708B80708B80708B80708B80708B8
    0708B80708B80708B80708B80708B80708B80708B80708B80708B80708B80708B80708B80708B80708B80708B80708B80708B80708B80708B80708B8
    0708B80708B80708B80708B80708B80708B80708B80708B80708B80708B80708B80708B80708B80708B80708B80708B80708B80708B80708B80708B8
    0708B80708B80708B80708B80708B80708B80708B80708B80708B80708B80708B80708B80708B80708B80708B80708B80708B80708B80708B80708B8
    0708B80708B80708B80708B80708B80708B80708B80708B80708B80708B80708B80708B80708B80708B80708B80708B80708B80708B80708B80708B8
    0708B80708B80708B80708B80708B80708B80708B80708B80708B80708B80708B80708B80708B80708B80708B80708B80708B80708B80708B80708B8
    0708B80708B80708B80708B80708B80708B80708B80708B80708B80708B80708B80708B80708B80708B80708B80708B80708B80708B80708B80708B8
    0708B80708B80708B80708B80708B80708B80708B80708B80708B80708B80708B80708B80708B80708B80708B80708B80708B80708B80708B80708B8
    0708B80708B80708B80708B80708B80708B80708B80708B80708B80708B80708B80708B80708B80708B80708B80708B80708B80708B80708B80708B8
    0708B80708B80708B80708B80708B80708B80708B80708B80708B80708B80708B80708B80708B80708B80708B80708B80708B80708B80708B80708B8
    0708B80708B80708B80708B80708B80708B80708B80708B80708B80708B80708B80708B80708B80708B80708B80708B80708B80708B80708B80708B8
    0708B80708B80708B80708B80708B80708B80708B80708B80708B80708B80708B80708B80708B80708B80708B80708B80708B80708B80708B80708B8
    0708B80708B80708B80708B80708B80708B80708B80708B80708B80708B80708B80708B80708B80708B80708B80708B80708B80708B80708B80708B8
    0708B80708B80708B80708B80708B80708B80708B80708B80708B80708B80708B80708B80708B80708B80708B80708B80708B80708B80708B80708B8
    0708B80708B80708B80708B80708B80708B80708B80708B80708B80708B80708B80708B80708B80708B80708B80708B80708B80708B80708B80708B8
    0708B80708B80708B80708B80708B80708B80708B80708B80708B80708B80708B80708B80708B80708B80708B80708B80708B80708B80708B80708B8
    0708B80708B80708B80708B80708B80708B80708B80708B80708B80708B80708B80708B80708B80708B80708B80708B80708B80708B80708B80708B8
    0708B80708B80708B80708B80708B80708B80708B80708B80708B80708B80708B80708B807
mask(2)
    merge = []
    encoding = []
    data = []
mask(3)
    merge = AND
    encoding = RLE
    data [1x1;3] struct:
        sz = [ 384           384 ]
        version = 1
        data [1x1386] hex:
    009202021C064C30DE01076A33DB01096933A501072E0B540F0434A3010A2D0B4D180232A4010C2C0B402E090ABC010D2B0B3E2BD3010E2C093E2CD3
    010E2D073D2ED3010E2F043E2ED3010E702FD4010C7030D4010C7030D5010A7031D601077231CF0231CF0231CF0231CF0231CF0231CF0231D00230D0
    0230D00230D1022FD1022FD2022ED2022ED3022DD3022DD4022CD4022CD5022BD6022AD6022AD70229D80228D80228D90227DA0226DA0226DB0225DC
    0224DC0224DD0223DD0223DD0223DE0222DF0221DF0221E00220E00220E1021FE1021FE1021FE2021EE2021EE3021DE3021EE3021EE2021EE2021FE2
    021EE2021EE2021EE2021EE3021DE3021DE3021DE3021DE4021CE4021BE5021BE5021AE70218E80218E80219E7021AE6021AE6021AE70219E70219E7
    0218E90216EA0216EB0215EB0215EC0214EC0214ED0213ED0213EE0212EE02128A0105DF0112890107DE0112890108DD0112890108DE0111890108DE
    0111890108DE0112880108DE0113880106DF0114890102E10114EC0214EC0214EC0214EB0215EB0215EB02154602A202164505A002164406A0021644
    079F021644079F02164406A002164504A10216EA0216EA0216EA0215EB0215EC0214EC0213ED0213EE0212EE0211F00210F0020FF1020FF2020EF202
    0EF2020EF3020EF3020DF3020DF4020BF60209F80208F80207FB0205FD2F02FC0205FA0207F80209F70209F6020AF6020AF5020BF5020BF5020BF402
    0CF4020CF4020CF4020BF5020BF5020BF5020BF6020AF6020AF6020AF6020AF6020AF6020AF6020AF6020AF6020AF6020AF6020AF6020AF6020AF602
    0AF5020BF5020BF5020CF4020CF4020CF4020CF4020CF4020CF4020CF4020CF4020C8E0101E5010C8C0105E3010C8B0107E3010B8B0107E3010B8B01
    07E3010B8B0107E3010A8C0106E4010A8E0103E5010AF70209F70208F80208F80208F80208F80208F90208F80208F80208F70209F70209F70209F702
    08F80208F70209F70209F70209F6020AF6020AF6020AF5020BF5020BF5020CF4020CF4020CF4020CF4020CF4020CF4020CF4020CF3020DF3020CF502
    0BF5020BF5020BF60209F7020AF6020AF70209F70209F80209F70208F90207FA0206FC0202900602FD0204FB0206FA0206FA0206FB0204E90E03FC02
    05FB0206F90207FA0206FA0206FA0206FA0206F90208F80208F70208F80208F70208F70209F6020AF6020AF5020BF4020CF4020CF3020DF3020EF102
    0FF00210EF0212ED0213EC0214EB0216E90217E80218E6021AE3021DE1021FE00220DE0222DD0223DD0223DC0224DB0225DA0226D902270A05C90228
    0907C702290809C602290809C5022A070AC4022B070AC4022B070AC3022C0808C3022E0707C3022F0805C4022FD00230D00230D00230D00230D00230
    0B04C102310907BF02310808C00230070ABF0230070ABF0230070AC0022E0909C0022E0908C1022E0A06C3022D0C02C5022D1105BE022C0F08BD022C
    0E0ABD022B090FBE022A0712BD022A0514BE02290514BF02280415BF02280316C002270316C102260217C202250217C302240216C502240116C60223
    0116C702220115C902210115CA02200115CB021F0115CB021F0119C8021E011BC6021E011CC6021D011DC5021D011DC5021D021CC5021D021CC6021C
    021CC6021C021CC6021C021CC6021C021CC6021C0220C1021D0221C0021C0322BF021C0323BE021C0324BD021C0324BD021C0226BD021B0226BD021B
    0225BE021B0225BF021A0225BF021A0225BF021A0225C002190226BF02190226C002180227BF02180227C002170226C102160326C102160424C20216
    0422C40215061FC70213081ACB02120B1294020836108B0205200E330D8A02090402161234058E020B03041413C7020B03051313C7020B03051313C9
    020805031412
identifier = 0.8147236863931789
notes = 
log [7x1] cell char:
    k2CreateInfoFiles 2014-11-12 18:31:01
    k2DriftTracker 2014-11-12 18:33:05
    MergeImages 2014-11-12 18:33:34
    MergeImages 2014-11-12 18:36:22
    meRefineVesicleFits 2014-11-12 18:44:20
    rsRefineMembraneModel4 2014-11-12 18:47:36
    meRefineVesicleFits 2014-11-12 18:48:56
mbnOffset = 41.70008
